20101115 11610.5616
20101215 14733.7026
20110115 19018.9160
20110215 22845.1114
20110315 25513.4207
20110415 25555.2809
20111015 5332.7917
20111115 10405.7164
20111215 14149.1573
20120115 18927.5195
20120215 22062.4848
20120315 25285.5868
20120415 25025.6180
20121015 5454.4644
20121115 10171.1330
20121215 14218.7483
20130115 17990.5169
20130215 20822.1585
20130315 24507.0117
20130415 24148.3392
20131015 9034.5903
20131115 13203.5599
20131215 17247.4168
20140115 21161.4350
20140215 24110.0727
20140315 26879.7614
20140415 26344.2193
20141015 7649.4310
20141115 12840.6946
20141215 16896.5972
20150115 20549.4301
20150215 23866.0312
20150315 25980.9978
20150415 27212.7950
20151015 6835.7571
20151115 11943.9639
20151215 15829.8219
20160115 18726.3233
20160215 22829.4050
20160315 24549.8757
20160415 24233.4831
20161015 6301.1111
20161115 10431.1671
20161215 14990.3211
20170115 18660.0268
20170215 21873.1431
20170315 24251.9974
20170415 23733.3207
20171015 7606.9232
20171115 11917.9379
20171215 15634.3024
20180115 18922.9743
20180215 21831.7005
20180315 24245.3635
20180415 24034.3210
20181015 7160.9772
20181115 12993.0464
20181215 16178.9237
20190115 19210.5812
20190215 22557.5237
20190315 25682.3570
20190415 24694.9475
20191015 5848.7861
20191115 11079.2863
20191215 14440.9845
20200115 18012.3386
20200215 21623.4702
20200315 24559.1897
20200415 25126.8895
20201015 4959.7939
20201115 9862.3325
20201215 14145.7461
20210115 17758.1852
20210215 21027.6905
20210315 23479.6352
20210415 23156.3694
20211015 6639.4165
